10 VEBBORUM.

0166 661666 podet 16111611. 111.11,16,1

016116 Romanorum 16111161 0111111ςί6116·
111. 11.16,16

01661666 1116611. 11. 16, 0, 6

01611111 1616 61611666111166 debere 66.
1111. 11111, 16. An rediredebert, mortno
16 6616 redimere 6161611. 111. 11, 00.
0161111 61661666 61 116116 16 61161116
61111. 111. 13,11. nu, 6111 1661161611, 166
1166166161. 1111118. Quorum 16 poten·
6116661611. 111.7,1,1. 061161611ϋῇ611
6611611. 111.4,10. ,16666111 1166611 on·
6161 pudor. 1616. 111 0161111111 11661 661
161611616166116111616111 1110,4,1. 016·
tirornm redemtio, 6116611116. 111. 14, 0, 1.
Quem inrorebiiir. iii 11, 13. 1611111, terri.
111.7,6,1. Redemtionem 661 1166111611,
11 jure. 111. 11, 14. Bone 1166166 jnre
6116616661, 1161111 161161 111 111. 0, 10,4

016161 1111 11 616111 666 potent. 111.13,1.
11 61116 jurio 11 111111 166111. 111. 14, 7

cepoe 1616 6111166666116 1111. 1116, 14,1.
Bello quotenne 6661616111 6611 16661116-
161 161 1111611116. 111. 10, 1,1. lnjneto
6616661 6161161166 jnre 1611616. 111. 16, 1.
Prioribus dominio 1166111. 111.16,1. 1611
61616 111116 11661661. 111. 10, 16

01611 61116 nervi 6611 11116 nitro delictum.
111.7,1,1. 0111116161, 661 11111 61111611
6661116111. 1616. 011111 6161111. 11114, 0,
1. 061661 requirentur. iii. 7, 6, 4. 016·
161666166116111116611111161111111
66111161. 1117,1,616,1. 016111 pernen·
66616 bello. 111. 11,11,1,6. Exceptionee,
661 vulgo 166111 1611161111. iii. 11, 16, 1,
6. Quid 66116666, 6611661616 616 161
111. 111. 14,9

0166611111 161 11116 injurie 6161161. 111. 7,6,
4. Non ert jur gentium 1111111111. 111. 7,
8. 01111611 1166611661. 1117,0,1

capu oiritetir 16116161. 11 1, 6

0111111 161 obliget 1161, 61 61111 16661661.
111. 1,10, 6 116111 vetet 6611 11 jnre 1111111
16616 6111 6611661. 111. 1, 4, 1, dn 166. 4, 11

01161111 quomodo 61 1611161 1161161111 16·
1116111661. 11.16,4,9

0661661611161616611166161116116116616·
611. 1. 1, 6, 14

Corrhago, 61111 nn 61616 eignifioet. 11. 16, 16

01111111 regni 16111616. 11. ’1, 11, 1, 6 306

omnigeno 61111111 661 6111161161. 11. 10, 7,1

(tuus improvisi conductorem 666 liberent.
11. 11,18

0116111 01111111 doleo. 111. 1,11,1

416

0161111611, ot 16116116, 11 1116611 etri-
61661.11.1,1,6616.12,1. impellentesqu-
61661166 11161161. 11. 10,10,1. 16161611.
11116116116666. 11. 10, 10. 0116116661
1661116111 1111161116. 1111616616. 666-
111116111 in bello. 111. 1, 3, dr 1161661

011111661611111661111111661. 11. 11,0

cepoe· bello rem 661666 6611 6111161. Β.
6,0

ceroma ringnlere 11 permittendum 16 bel·
166 11111666. 11.13,10

016161611111666611616111111. 161013,
1,6

011161 166616611666661. {idmst

chirographi Thessalorum 6666616111. 111.
8,4,1, 6 616. 0,1,1

06111161 161 111 116166 1111116111 legin 611
116116 deta„ i. 1, 6, ³

0611111 11111 661 66611 661 16 Imitationem
obligent. 1. 3, 6, 8

0611111161 161 restiterunt 61111 1661111611·
661, 11116 166 6111111161 11111 6166161111
1111111661. i. 4, 6. 36111661 per 111 muter
616 11161116 16 Deum. 11. 13,11,1. 1111116 ·
rine 11611 militent 11. 1661. Tenentur
1611116 1111 christini! periclitentinm nb
religionem. ii. 16, 11

christianin 11 resistere 166111611661611611-
11161 16 16661 1111161111. 14,6, dr 116.
ist, 8. Vetere· 11116 11 16661 1111161111
666 restiterunt, 166 61111111.1,7,1,611

emodenorum 16661 inter re; ejm obligntio,
ii. 16, 11. Veterum 116116111 61 1611611616.
61111,1,4,6.116161161616161, 111.
7, 0,1

06616666616111 11 meduwaie·
6111. 111. 16, 4

circumcidi christini 11 potuerint. 111. 1,

01ῗ13611116 16 6661 6666161 pertinuerit. 1.
1, 10, 6. 0116 1661111 6666111161· 6111111111.
1.1,16,1. 6611166111 166111 16161611,
1166111. 1. 1,16,6

citatio 1116111 661 16111. 111611. Inre-
6111111111. 111. 1, m

0111116166 copi 661111, 661 norim 61116
injurio detinent. iii. 1, 3, 6. 16166161 11
juste dedi 661111, 61 11616166 vitetur. 11.
111, 1‚4

0111611 1111116166 6161111111. 111. 8,1

Cives 1166111 666 renen 61116161 661 16 6161
1166116 vivunt, ii. 0, 11, 1. 061666 Jne
domni repetendi 616161661611111161. 11.
lm. Λ1161616111111111111661116111. ·

 

