-Ἦ

Γ“”“””-”’ ” ”’”“”’“

Ac VERBOBUH. 42⁷

Liberorum 11111 parentibus 111111111111 111· 11101111 non 1110111111111111 11111111. 11,
111 jur 1111111. 110, 12, 2,0 0, 3,1. Ex quibus 0111111111 11111111. 11.17,
1111111111 quando 11111 belli 11111. 11. 22, 111 20,1. An 1111111111, eo quod 1 1111111
11. 1,11, 1, 2. Quo 1111111 1111111111. 11. 22, cautionem 111 exegerint. 1010. Oppidum
11 ς 111. 7, 1, 1. An pu 1111111, 111111 11· quatenns affligor„ 111 22,0
11101110 deliberatio. 11. 21, fl, 1, 21 11, 211011011011111111.111.22,0.2
10, 2 111011101011111111111011111111111 rufi·
h‘bertrti 1111111101 1111 populi 1111111. 11 11111111. 111. 10,0
21,0,2,0 1111111111)ωο1111111111111111111111111111.1
uberta popul! quid 1131110111 10,12, 1, 2 0,21, 1, 2. Quid 111. 1010.
§abditorum 1011111111 11 11111 superiorum. 111111111111 jun 1111111111 1111111111. 110,
1112,2,1. 010110111111111111111110· 10, 0, 11111111111111110111111ιο7,
011111. 11.10,10,2 22,1
11111111111111111111. 11.12,20,1;111.1,2, 1111011111111111111111111111011111. 1111,
2,.01111 10,1, 01212 voxmbigmqnu 10
111111αο111110111101,1,11011- 1111010111 (1111111111 1111111011, etim 11
0111 01111111,11111111111 1111110111. 111. 111101111111111110111111111011101111111.
, 1,210111110112100111111111· 111111
11111. 11. 4, 2 2, 01 111.10,1,0.011111111111 1010101111 mandatum 11110111 qundo 1111
111110011111111111111. 1111, 2 ,2,01111). obliget. 10111.
10,1,2,2,1 011101111101110111111111.11.12,10,1
111111110111110111.111.0,1 1111011111111111111111111111111111111111111.
nouitati 1811 110,10,1; 1101211 11. 11121. 01110111, 11 111 cum 1111 111·
1111111111111111111111111101οω11101120, 11111111,101110101131111.11122,1,1,0.
10,0 6111111111111111111101111.111.18,1,1
11111101111.111.2,1 0111010110011111111111101111110111111
111ος11100ήῶ111· qno 11111 11111111. 12, 11111111. 1117,20, 1
01102121 Mmfflbeuumincmograeeoe 1111111110,
11111111111111. 11. 0, 0, 2 10
1111111 1111111111 1101111111111111111· 1111101111ώο.111.0,10,1
1111111111 abeunte. 11.2,10,1 0111111101 interdum 11111111111111111111-
1111111111 11111111 11 1 1110011111- 1111.’” 111. 11,0, 1, 0
dem 11 solidum 11111111 1111111102,Ιο 1111111111 (11. ) moderniora victoriis 11112,
1111111111111110111111111111111. 11. 12, 10 7, 2
11111111 111111 rem 11111111111111111 tenetur 011111 11111111 1110111111· 11 regnir upopulo
01 11 quod percipit. 1011101111 101110 0111111. 11.7,17 ,
11111111.11.12,10 11111 11 proprium 11111 possit, 11 11111111· · ”
locupletatus 11 11 aliena, 1111111 10 11111· 11111111. 11. 2, 0, 1, 2. Non 01111111. 112,
tutionem 11111111111111111. ii. 10, 2, 1, 01 2 0, 2, 0.ι ln fundum 1011111111. 11. 0, 10, 2.
Locutio de 111111 1111111 1111111111 quo· occupatione 1111111 10 1111111111 110110.
1111111. 011,2,0 0,11. 1111111101 jus 11 mari. 11. 1112.
locutioni· ambiguo 0101111110 (1020001ὶοί12. Imperium in mari quorum 111, 11018 l
111. 1,10, 10 1111111111 11111111 occupari 1111111. 11. 0,0, ·‘
Ludoriei 11 (11111111 1111111111ιί1 do 011011· 10,1
11111. ii. 7,10 1111111111111111111111111111111. 110,0
1 fflffifflffssffifflm
1111111011 bello adjuverunt 1111111111. Vnde Matrimonium 111011111111111111111. 110 ,0,
1111111111. 11 10, 9, 0 ’ 2. An irritum 0111111111 11111111 pm·
111111011111111 resistentia 111111. 1. 4, 7, 0 tum. 11. 0, 10, 1, 2, 0. irritum 111111 11111111
0111101111111111110111 injusta. 11. 21,10 11111111 conjuge. ii. 0, 11. Ad morgen.
Magistratus 111111111111111111111 imperium 111· 3111111111. 11. 7, 0, 0 Apud 1111111 Rom·
0111111111 111111111 non [1111111. 1. 1, 0, 1, 111 postliminio 111 restituebatur. 111. 2, 0,2
, 0. 0111111111 ruffi 11111111. 12, 7,1, 2. 01111110111111111111 0111111111. 1122,

 

