430

11. 110, 1. 011111111οώ 0101110011 0101-
111.11.14,0,2 ·

01001111 11110 10 bellum injurium. 11. 11,
10,1

, 011011010100001111111. 11. 11, 12

01001111 111101 01100011 11, 111 111111 11011-
111101111. 111. 10,4

orig-troni· 1111 0011001111111011 iimo

obligatio 11 11110 ministrorum, 101111 111 ju·
111 11. 17, 20, 2. 11101101ου111. 1117,1.
0101111 10111111110111111111 1101011000

,111 01111111. 1. 0, 10, 1, 2. 11101111 101
101111 nummum 1110111111, vide 11101111
1111101110. 10, 23, 2. Er 00111110 011111.
11.10,1. Ex robur 1111111111, 11 10111.
11110111. 1110, 1, 2, 11 2,1. 11111001 111
11 10111 111, 11 111111 jur 1011111οω1111,
11. 11, 0,1

obligationem (10) requiritur 111111 delibe-
1111. ri. 11,1,1,1 ·

01111 11 tenentur, mortuo qui 111111. 11120,
67. 01111011110101101111111101001111.
111. 20, 11. 01111010 111110, 1111 mortuus
111111111111. 11120,ὀο Anax 1111 00111
00111111111111 111. 2015

011101 rugen 11110111. 11120, 11

011101111 000101 0011111 jure belli. iiill,14.
111110. 11111111, 111111. soni

, 101 1111. 111 2010

01110111 1011011 010111. 111. 2012. 0111-
0100 001011. 111. 2015. Eorum obligatio

> 11111011101110101111. 111. 20, 38; 111. 2010.
Alter 11 ex 11010 11111111 11111111. 111. 20,

0111111110 1111111101 101 suffieit 10 31111111-
uum occidendi, 0101 1111111111011111111.
1111111

00010111 1011111, jur 11111 0101111. 111 1, 5, 1

0101011 (mortem 0011 001111 quum ulium)
011100 110111, 11011100 101. 11. 1, 8,1,
0101

00010111 0111011 11 110111. 111. 4, 143 111. 11,
18

occidendi 0101101 111 110101 11 11111 01111
11110 111 1111111101 0111111011, 111. 1, 135

¹ 11 11, 11, 1,1

000101 0011111 jure 11111, 011 1111110111111
01111111. 111. 4, 0, 1. An possint qui 1111
bellum 111010 venerunt. 111. 1, 7

INDEX RERUM PRAECIPUARUM,

0111011, 011100. 111.1,4,1. Pro vitain·
1111101101011000 1111011. 11. 1, 8, 0, 1. 111
iugero 0001111111 010 111101 111101110001
11 010 11111 11 licitu. ii. 1, 10, 0

000101101311 1111111 rerum 1011111111.
112, 2,1

00010100 0011 onim 0011111110ωο
22,1. 1101 111 1111 11 11 terminata. 112,
0,2. 111101111111111111111, 1111011111-
001.11.2,1. 111011110001111111101,
1,2

00111110101111111. 1110100

0010 11111111 01011000 intelligenda 11. 10, ’
12,1

001011 01011000 interpretanda 11.10,12,0.
11 01110 personalia. ii. 10100

0110101110. 111. 1, 8, 3

00100μᾶ111. 11.22,10

0111 viandum iu 111-111 braum& ii.
11, 12, 0

01111 11 1110111 murm 1111 1111111111.
11. 10, 7,0

0011111011111101011100111111111101101·
rentur. 1. 11, 11, 1,1

001111011 01011111, 011111 rx 011111 m
111111. 11. 16, 27,2 ’

0011101111 0110110111 in 11110. 111. 11, 12

Oppidum 1110111011 01011111, 001111 01111-
dium 0111111111. 111. 2210

00111101 1111 01111 bellorum. i. 2, 8

0010 0110. 11. 13, 21, 2,0

01111 010 0011110 010111. 11. 22, 10,1

0111 1011 11 uuum 1110011111 11010111. 11. 22,
10, 1, 21 111. 117

0100 eorum qui 01111111 01011111 11 011110
11101111οηί1. 11. 17, 012. Qui 1111111011
11111100101. 11. 1, 21. considendi 11111
11011 0111101101. ibid. 11111 101 011
011111111101101111111111. 11.0,22

01011111 couventui 00011111 11111111. l. 0,
10,0;11.0,0. Alibi 11101 1111111111.
imm .

01011100 011111 1111 regin 00111111 010
111110101111.1.2,7110;1.1,4,1

1³.
Pmtorum 0100 01101111 01101 1111111111. 111.

Occiduntur 11111, 00011111101111, 11111111 7 3

11111111. iii. 4, 0,2

0001110 quando 111111 juro 1111110 11 bello
juto- 111. 11, 2, 1. Quatenus in 110111111111.
, 111. 2,0. 11011111011111011 0101011111-
0111. iii. 4, 0. Extra propositum, 1111 in·

1,
raet· 011 010111 11111 0111111111, 11 0111
001001111111. 10, 20, 1. Quibu- 11101111
11111111111017111110, 10. Nudum ⁴
01001113111 1111111,1101111111. 11. 11,1,
1.111111,1111111111111,11111010·

 

